NAME,FPL,tcal_left,tcal_right,zpos,tdc_underflow,tdc_overflow,t_fpl,tleft_geo,tleft_ch,t_fpl,tright_geo,tright_ch,q_fpl,qleft_geo,qleft_ch,q_fpl,qright_geo,qright_ch
F3pl,3,0.024413,0.024413,-205,90500,118000,63,6,0,63,6,1,63,4,0,63,4,2
F5pl,5,0.024413,0.024413,-170,-999999,999999,63,6,2,63,6,3,63,4,4,63,4,6
F7pl,7,0.024413,0.024413,205,100000,124000,63,6,4,63,6,5,63,4,8,63,4,10
F8pl,8,0.024413,0.024413,-932,109000,114000,63,6,6,63,6,7,63,4,12,63,4,24
F11pl-1,11,0.024413,0.024413,-432,113000,138000,63,6,8,63,6,9,63,4,16,63,4,18
F11long,11,0.024413,0.024413,725,112000,137000,63,6,10,63,6,11,63,4,20,63,4,22
F3pl-QTC,3,0.024413,0.024413,-205,-999999,999999,63,6,16,63,6,17,63,0,0,63,0,0
F5pl-QTC,5,0.024413,0.024413,-170,-999999,999999,63,6,18,63,6,19,63,0,0,63,0,0
F7pl-QTC,7,0.024413,0.024413,205,-999999,999999,63,6,20,63,6,21,63,0,0,63,0,0
F8pl-QTC,8,0.024413,0.024413,-932,-999999,999999,63,6,22,63,6,23,63,0,0,63,0,0
F11pl-1-QTC,11,0.024413,0.024413,-432,-999999,999999,63,6,24,63,6,25,63,0,0,63,0,0
F11pl-2-QTC,11,0.024413,0.024413,725,-999999,999999,63,6,26,63,6,27,63,0,0,63,0,0
F2pl-QTC,2,0.024413,0.024413,0,-999999,999999,63,6,28,63,6,29,63,0,0,63,0,0
F13pl-QTC,13,0.024413,0.024413,0,-999999,999999,63,6,30,63,6,31,63,0,0,63,0,0
F7Coin,63,0.024413,0.024413,0,-999999,999999,63,6,12,63,0,0,63,0,0,63,0,0
F11Coin,63,0.024413,0.024413,0,-999999,999999,63,6,13,63,0,0,63,0,0,63,0,0
GammOr,63,0.024413,0.024413,0,-999999,999999,63,6,14,63,0,0,63,0,0,63,0,0
Accepted,63,0.024413,0.024413,0,-999999,999999,63,6,15,63,0,0,63,0,0,63,0,0
